video_addr=192.168.0.169
_center_x=828
_center_y=844
_radius=318
_lane_x=150
_lane_y=10
_lane_width=300
_lane_height=170
_face_x=370
_face_y=1026
_face_width=584
_face_height=584
_peo_num_x=340
_peo_num_y=910
_peo_num_width=1056
_peo_num_height=528
_left_point_x=70.000000
_left_point_y=115.500000
_left_angle=-64.121590
_right_point_x=217.750000
_right_point_y=54.250000
_right_angle=64.173149
_double_lane_dis=135.000000
_change_angle=15.000000
_left_turn=0.000000
_right_turn=0.000000
_left_weight=0.000000
_left_bias=-0.267453
_right_weight=0.000000
_right_bias=0.267453
_left_point_detection=18
